  (0, 3089)	1
  (0, 4976)	1
  (0, 6766)	1
  (0, 8723)	1
  (0, 28172)	1
  (0, 28270)	1
  (0, 28785)	1
  (0, 28954)	1
  (1, 4626)	1
  (1, 4700)	1
  (1, 23644)	2
  (1, 23662)	1
  (1, 28174)	1
  (2, 6768)	1
  (2, 8730)	1
  (2, 10075)	1
  (2, 14370)	1
  (2, 21560)	1
  (2, 22798)	1
  (2, 23385)	1
  (2, 28711)	1
  (3, 4699)	1
  (3, 6768)	2
  (3, 8730)	2
  (3, 10002)	1
  :	:
  (5096, 29198)	1
  (5096, 29268)	5
  (5097, 4626)	3
  (5097, 4642)	1
  (5097, 4643)	1
  (5097, 6768)	4
  (5097, 8730)	4
  (5097, 9058)	1
  (5097, 19810)	3
  (5097, 19817)	1
  (5097, 25165)	4
  (5097, 26894)	1
  (5097, 26898)	1
  (5097, 26914)	3
  (5097, 28777)	4
  (5098, 28686)	1
  (5099, 3103)	1
  (5099, 7281)	1
  (5099, 7953)	1
  (5099, 28940)	1
  (5100, 4706)	1
  (5100, 8483)	1
  (5100, 9073)	1
  (5100, 25121)	1
  (5100, 28945)	1
